0.10 0.000000 
1.10 0.303388 
2.10 0.308222 
3.10 0.302849 
4.10 0.302562 
5.10 0.302543 
6.10 0.302310 
7.10 0.302303 
8.10 0.302404 
9.10 0.302218 
10.10 0.302246 
11.10 0.302259 
12.10 0.302135 
13.10 0.302177 
14.10 0.302131 
15.10 0.302066 
16.10 0.302092 
17.10 0.302070 
18.10 0.302102 
19.10 0.302084 
20.10 0.302077 
21.10 0.302083 
22.10 0.302079 
23.10 0.302089 
24.10 0.302076 
25.10 0.302095 
26.10 0.302074 
27.10 0.302092 
28.10 0.302070 
29.10 0.302090 
30.10 0.302086 
31.10 0.302082 
32.10 0.302085 
33.10 0.302077 
34.10 0.302093 
35.10 0.302070 
36.10 0.302101 
37.10 0.302073 
38.10 0.302087 
39.10 0.302086 
40.10 0.302079 
41.10 0.302084 
42.10 0.302084 
43.10 0.302092 
44.10 0.302066 
45.10 0.302092 
46.10 0.302070 
47.10 0.302102 
48.10 0.302084 
49.10 0.302077 
50.10 0.302083 
51.10 0.302079 
52.10 0.302089 
53.10 0.302076 
54.10 0.302095 
55.10 0.302070 
56.10 0.302103 
57.11 0.000000 
