0.10 0.000000 
1.10 0.301596 
2.10 0.303865 
3.10 0.301602 
4.10 0.301344 
5.10 0.301134 
6.10 0.301071 
7.10 0.301061 
8.10 0.301043 
9.10 0.301043 
10.10 0.301063 
11.10 0.301072 
12.10 0.301073 
13.10 0.301087 
14.10 0.301084 
15.10 0.301056 
16.10 0.301052 
17.10 0.301043 
18.10 0.301052 
19.10 0.301057 
20.10 0.301081 
21.10 0.301076 
22.10 0.301083 
23.10 0.301079 
24.10 0.301054 
25.10 0.301037 
26.10 0.301048 
27.10 0.301057 
28.10 0.301064 
29.10 0.301082 
30.10 0.301079 
31.10 0.301081 
32.10 0.301069 
33.10 0.301047 
34.10 0.301042 
35.10 0.301046 
36.10 0.301067 
37.10 0.301069 
38.10 0.301073 
39.10 0.301085 
40.10 0.301069 
41.10 0.301058 
42.10 0.301037 
43.10 0.301042 
44.10 0.301051 
45.10 0.301071 
46.10 0.301073 
47.10 0.301074 
48.10 0.301080 
49.10 0.301065 
50.10 0.301047 
51.10 0.301043 
52.10 0.301052 
53.10 0.301063 
54.10 0.301063 
55.10 0.301078 
56.10 0.301064 
57.10 0.000000 
