0.10 0.000000 
1.10 0.300293 
2.10 0.300531 
3.10 0.300259 
4.10 0.300269 
5.10 0.300265 
6.10 0.300259 
7.10 0.300259 
8.10 0.300267 
9.10 0.300267 
10.10 0.300259 
11.10 0.300259 
12.10 0.300266 
13.10 0.300262 
14.10 0.300259 
15.10 0.300259 
16.10 0.300261 
17.10 0.300268 
18.10 0.300259 
19.10 0.300259 
20.10 0.300263 
21.10 0.300264 
22.10 0.300262 
23.10 0.300259 
24.10 0.300261 
25.10 0.300267 
26.10 0.300260 
27.10 0.300259 
28.10 0.300261 
29.10 0.300264 
30.10 0.300262 
31.10 0.300259 
32.10 0.300261 
33.10 0.300267 
34.10 0.300260 
35.10 0.300259 
36.10 0.300261 
37.10 0.300264 
38.10 0.300263 
39.10 0.300259 
40.10 0.300260 
41.10 0.300263 
42.10 0.300263 
43.10 0.300259 
44.10 0.300261 
45.10 0.300263 
46.10 0.300262 
47.10 0.300259 
48.10 0.300259 
49.10 0.300264 
50.10 0.300263 
51.10 0.300259 
52.10 0.300260 
53.10 0.300263 
54.10 0.300263 
55.10 0.300259 
56.10 0.000000 
57.10 0.000000 
