0.10 0.000000 
1.10 0.328230 
2.10 0.475422 
3.10 0.815134 
4.10 1.426720 
5.10 2.476800 
6.10 1.756960 
7.10 1.487020 
8.10 2.163880 
9.10 2.966240 
10.10 2.752333 
11.10 2.333829 
12.10 2.249547 
13.10 2.580713 
14.10 3.171520 
15.10 3.386747 
16.10 3.280420 
17.10 2.722916 
18.10 2.571520 
19.10 2.829973 
20.10 3.458336 
21.10 3.795337 
22.10 3.619644 
23.10 2.850382 
24.10 2.622756 
25.10 3.020160 
26.10 3.581120 
27.10 3.964891 
28.10 3.449156 
29.10 2.835558 
30.10 2.733469 
31.10 3.451665 
32.10 3.873772 
33.10 4.096940 
34.10 3.199504 
35.10 2.729804 
36.10 2.671473 
37.10 2.848169 
38.10 3.071253 
39.10 3.713691 
40.10 4.048613 
41.10 4.377867 
42.10 4.176133 
43.10 3.267017 
44.10 3.007977 
45.10 3.470766 
46.10 4.009164 
47.10 4.493232 
48.10 4.531968 
49.10 3.616135 
50.10 3.389897 
51.10 3.474267 
52.10 4.064114 
53.10 4.356102 
54.10 4.520546 
55.10 4.533731 
56.10 4.685376 
57.10 0.000000 
