0.10 0.35
0.20 0.57
0.30 0.74
0.40 0.75
0.50 0.69
0.60 0.73
0.70 0.75
0.80 0.83
0.90 0.93
1.00 0.89
1.10 0.89
1.20 0.92
1.30 0.90
1.40 0.92
1.50 0.96
1.60 0.83
1.70 0.88
1.80 0.95
1.90 0.93
2.00 0.97
2.10 0.95
2.20 0.97
2.30 0.97
2.41 0.85
2.50 0.89
2.60 0.93
2.71 0.94
2.80 0.96
2.91 0.96
3.00 0.98
3.10 0.96
3.21 0.97
3.30 0.97
3.41 0.97
3.50 0.98
3.60 0.96
3.71 0.97
3.80 0.97
3.91 0.97
4.00 0.98
4.10 0.96
4.21 0.98
4.30 0.97
4.41 0.97
4.50 0.98
4.60 0.96
4.71 0.98
4.80 0.97
4.91 0.97
5.00 0.98
5.10 0.96
5.21 0.98
5.30 0.97
5.41 0.97
5.50 0.98
5.60 0.96
5.71 0.98
5.80 0.97
5.91 0.97
6.00 0.98
6.10 0.96
6.21 0.98
6.30 0.97
6.40 0.97
6.50 0.98
6.60 0.96
6.70 0.98
6.80 0.96
6.90 0.98
7.00 0.98
7.10 0.96
7.20 0.98
7.30 0.96
7.40 0.98
7.50 0.98
7.60 0.96
7.70 0.98
7.80 0.96
7.90 0.98
8.00 0.98
8.10 0.96
8.20 0.98
8.30 0.96
8.40 0.98
8.50 0.98
8.60 0.96
8.70 0.98
8.80 0.96
8.90 0.98
9.00 0.98
9.10 0.96
9.20 0.98
9.30 0.97
9.40 0.97
9.50 0.98
9.60 0.96
9.70 0.98
9.80 0.97
9.90 0.97
