0.10 6835.20
0.20 11635.20
0.30 13417.60
0.40 16483.20
0.50 18486.40
0.60 16073.60
0.70 10969.60
0.80 12835.20
0.90 16316.80
1.00 18985.60
1.10 20646.40
1.20 23536.00
1.30 24899.20
1.40 26800.00
1.50 28374.40
1.60 29395.20
1.70 31107.20
1.80 31638.40
1.90 32124.80
2.00 32118.40
2.10 31641.60
2.20 32604.80
2.30 31638.40
2.40 32121.60
2.50 32121.60
2.60 31641.60
2.70 32604.80
2.80 31638.40
2.90 32121.60
3.00 32121.60
3.10 31641.60
3.20 32604.80
3.30 31558.40
3.40 32121.60
3.50 32121.60
3.60 31641.60
3.70 32601.60
3.80 31641.60
3.90 32121.60
4.00 32121.60
4.10 31641.60
4.20 32601.60
4.30 31721.60
4.40 32041.60
4.50 31881.60
4.60 31961.60
4.70 32521.60
4.80 31721.60
4.90 32041.60
5.00 31881.60
5.10 31961.60
5.20 32521.60
5.30 31721.60
5.40 32041.60
5.50 31881.60
5.60 31961.60
5.70 32521.60
5.80 31721.60
5.90 32041.60
6.00 31881.60
6.10 31961.60
6.20 32521.60
6.30 31721.60
6.40 32121.60
6.50 31801.60
6.60 31961.60
6.70 32521.60
6.80 31721.60
6.90 32121.60
7.00 31801.60
7.10 31881.60
7.20 32601.60
7.30 31641.60
7.40 32121.60
7.50 31881.60
7.60 31881.60
7.70 32601.60
7.80 31392.00
7.90 32121.60
8.00 31382.40
8.10 31881.60
8.20 32435.20
8.30 31558.40
8.40 32121.60
8.50 31382.40
8.60 31881.60
8.70 32435.20
8.80 31392.00
8.90 32121.60
9.00 31798.40
9.10 31964.80
9.20 32601.60
9.30 31638.40
9.40 32124.80
9.50 31798.40
9.60 31961.60
9.70 32604.80
9.80 31638.40
9.90 32124.80
