0.10 6835.20
0.20 13299.20
0.30 13417.60
0.40 13321.60
0.50 11580.80
0.60 13827.20
0.70 15296.00
0.80 16412.80
0.90 19228.80
1.00 21315.20
1.10 22892.80
1.20 25699.20
1.30 25731.20
1.40 28297.60
1.50 26876.80
1.60 25568.00
1.70 29443.20
1.80 30140.80
1.90 33456.00
2.00 36278.40
2.10 37548.80
2.20 40342.40
2.30 37628.80
2.40 38028.80
2.50 41772.80
2.60 43539.20
2.70 46000.00
2.80 46697.60
2.90 48595.20
3.00 49344.00
3.10 50361.60
3.20 52739.20
3.30 53116.80
3.40 55334.40
3.50 56832.00
3.60 57100.80
3.70 59478.40
3.80 59843.20
3.90 61324.80
4.00 53088.00
4.10 52608.00
4.20 55814.40
4.30 57612.80
4.40 57500.80
4.50 55094.40
4.60 54345.60
4.70 56563.20
4.80 55603.20
4.90 56832.00
5.00 57340.80
5.10 58089.60
5.20 59558.40
5.30 59347.20
5.40 60576.00
5.50 61084.80
5.60 61084.80
5.70 62553.60
5.80 62342.40
5.90 63571.20
6.00 64080.00
6.10 64828.80
6.20 66297.60
6.30 66086.40
6.40 66982.40
6.50 65577.60
6.60 53676.80
6.70 54736.00
6.80 55187.20
6.90 58496.00
7.00 59004.80
7.10 54179.20
7.20 54816.00
7.30 55104.00
7.40 56249.60
7.50 55264.00
7.60 53593.60
7.70 55065.60
7.80 53856.00
7.90 55334.40
8.00 55344.00
8.10 56592.00
8.20 58060.80
8.30 57600.00
8.40 58329.60
8.50 58339.20
8.60 59587.20
8.70 60889.60
8.80 60761.60
8.90 62073.60
9.00 62582.40
9.10 63331.20
9.20 64800.00
9.30 64588.80
9.40 65817.60
9.50 66326.40
9.60 67075.20
9.70 68544.00
9.80 67584.00
9.90 68064.00
